#! Angle[f, 0]/ Count[f, 1]/
20  260
21  248
22 227
23  190
24  216
25  167
26  142
27  137
28  146
29  916
30  170
31  150
32  3358
33  167
34  92
35  81
36  77
37  77
38  76
39  59
40  73
41  54
42  42
43  39
44  55
45  49
46  53
47  50
48  49
49  36
50  57
51  45
52  42
53  50
54  44
55  34
56  40
57  48
58  42
59  116
60  108
61  43
62  34
63  48
64  34
65  42
66  296
67  410
68  48
69  43
70  33
71  48
72  36
73  38
74  44
75  38
76  36
77  34
78  50
79  41
80  52
81  40
82  52
83  36
84  51
85  54
86  54
87  50
88  58
89  54
90  49
91  50
92  59
93  45
94  58
95  64
96  99
97  66
98  52
99  67
100 63
101 66
102 70
103 82
104 73
105 65
106 88
107 73
108 86
109 86
110 286
111 152
112 89
113 83
114 82
115 87
116 83
117 78
118 91
119 69
120 79