#! Angle[f, 0]/ ArcMinute[f, 1]/ Count[f, 2]/
28  50  640
29  0   1000
29  10  1019
29  20  1011
29  30  840
31  40  2703
31  50  3175
32  0   3358
32  10  3138
32  20  2251
59  0   106
59  10  195
59  20  234
59  30  252
59  40  239
59  50  206
65  50  114
66  0   241
66  10  458
66  20  637
66  30  790
66  40  761
66  50  683
95  50  96
95  40  107
95  30  95
95  20  118
95  10  85
95  0   85
96  0   97
96  10  72
109 50  266
110 0   308
110 10  348
110 20  347
110 30  266