$SPEC_ID:
No sample description was entered.
$SPEC_REM:
DET# 1
DETDESC# PHYSICSLAB-LT6 MCB 129
AP# Maestro Version 7.01
$DATE_MEA:
03/16/2020 12:25:00
$MEAS_TIM:
39 39
$DATA:
0 255
       0
       0
       0
       0
       0
       0
       0
       2
       2
       2
       0
       1
       0
       1
       3
       1
       0
       1
       2
       1
       0
       1
       2
       1
       3
       1
       4
       1
       1
       0
       1
       2
       2
       1
       2
       1
       1
       1
       2
       2
       4
       2
       2
       4
       4
       2
       3
       3
       6
       4
       5
       3
       3
       3
       5
      10
       7
       7
       4
      12
      15
       9
      22
      14
      15
      20
      23
      27
      31
      41
      45
      57
      52
      78
      64
      77
      82
      79
     100
      78
      87
      96
      71
      69
      65
      67
      56
      38
      36
      27
      23
      23
      15
       7
       6
       3
       1
       2
       1
       0
       0
       0
       0
       0
       0
       0
       1
       0
       0
       0
       0
       0
       0
       0
       0
       0
       0
       0
       0
       0
       0
       0
       0
       0
       0
       0
       0
       0
       0
       0
       0
       0
       0
       0
       0
       0
       0
       0
       0
       0
       0
       0
       0
       0
       0
       0
       0
       0
       0
       0
       0
       0
       0
       0
       0
       0
       0
       0
       0
       0
       0
       0
       0
       0
       0
       0
       0
       0
       0
       0
       0
       0
       0
       0
       0
       0
       0
       0
       0
       0
       0
       0
       0
       0
       0
       0
       0
       0
       0
       0
       0
       0
       0
       0
       0
       0
       0
       0
       0
       0
       0
       0
       0
       0
       0
       0
       0
       0
       0
       0
       0
       0
       0
       0
       0
       0
       0
       0
       0
       0
       0
       0
       0
       0
       0
       0
       0
       0
       0
       0
       0
       0
       0
       0
       0
       0
       0
       0
       0
       0
       0
       0
       0
       0
       0
       0
       0
       0
       0
       0
       0
       0
       0
       0
       0
       0
$ROI:
1
56 100
$PRESETS:
Live Time
1800
0
$ENER_FIT:
-0.181030 0.000766
$MCA_CAL:
3
-1.810298E-001 7.658540E-004 0.000000E+000 MeV
$SHAPE_CAL:
3
0.000000E+000 0.000000E+000 0.000000E+000
