$SPEC_ID:
No sample description was entered.
$SPEC_REM:
DET# 1
DETDESC# PHYSICSLAB-LT6 MCB 129
AP# Maestro Version 7.01
$DATE_MEA:
03/16/2020 12:21:23
$MEAS_TIM:
46 46
$DATA:
0 255
       0
       0
       0
       0
       0
       0
       0
       2
       2
       1
       0
       2
       3
       2
       4
       1
       3
       1
       1
       1
       4
       0
       0
       3
       2
       1
       4
       0
       2
       5
       2
       1
       1
       3
       3
       4
       6
       0
       1
       2
       5
       3
       3
       1
       2
       3
       1
       3
       6
       0
       2
       4
       3
       1
       0
       3
       3
       6
       1
       5
       2
       3
       5
       5
       1
       4
       4
       3
       5
      10
       4
       5
      11
       3
       4
       7
       7
      12
       5
       8
      11
       7
      10
       9
      16
      12
      15
      18
      16
      23
      26
      30
      31
      32
      68
      64
      82
      97
     120
     119
     126
     128
     154
     150
     159
     171
     159
     151
     138
     132
     109
      98
      77
      69
      40
      27
      20
       5
       7
       0
       1
       0
       0
       0
       0
       0
       0
       0
       0
       0
       0
       0
       0
       0
       0
       0
       0
       0
       0
       0
       0
       0
       0
       0
       0
       0
       0
       0
       0
       0
       0
       0
       0
       0
       0
       0
       0
       0
       0
       0
       0
       0
       0
       0
       0
       0
       0
       0
       0
       0
       0
       0
       0
       0
       0
       0
       0
       0
       0
       0
       0
       0
       0
       0
       0
       0
       0
       0
       0
       0
       0
       0
       0
       0
       0
       0
       0
       0
       0
       0
       0
       0
       0
       0
       0
       0
       0
       0
       0
       0
       0
       0
       0
       0
       0
       0
       0
       0
       0
       0
       0
       0
       0
       0
       0
       0
       0
       0
       0
       0
       0
       0
       0
       0
       0
       0
       0
       0
       0
       0
       0
       0
       0
       0
       0
       0
       0
       0
       0
       0
       0
       0
       0
       0
       0
       0
$ROI:
0
$PRESETS:
Live Time
1800
0
$ENER_FIT:
-0.181030 0.000766
$MCA_CAL:
3
-1.810298E-001 7.658540E-004 0.000000E+000 MeV
$SHAPE_CAL:
3
0.000000E+000 0.000000E+000 0.000000E+000
