$SPEC_ID:
No sample description was entered.
$SPEC_REM:
DET# 1
DETDESC# PHYSICSLAB-LT6 MCB 129
AP# Maestro Version 7.01
$DATE_MEA:
03/16/2020 12:27:45
$MEAS_TIM:
195 195
$DATA:
0 255
       0
       0
       0
       0
       0
       0
       0
       1
       2
       1
       3
       0
       0
       0
       0
       1
       2
       1
       2
       0
       2
       1
       1
       3
       1
       0
       0
       4
       1
       0
       1
       2
       4
       3
       1
       0
       0
       3
       0
       1
       4
       3
       5
       3
       1
       1
       5
       3
       1
       4
       0
       6
       3
       6
       4
       4
       6
       6
      10
      10
      12
       9
       6
       2
      14
      13
      13
      10
      14
      19
      21
      19
      16
      17
      16
      23
      32
      20
      18
      23
      17
      16
      24
      14
      20
      14
       8
      10
       9
       4
       4
       3
       2
       1
       2
       2
       0
       1
       1
       0
       0
       0
       0
       0
       0
       0
       0
       0
       0
       0
       0
       0
       0
       0
       0
       0
       0
       0
       0
       0
       0
       0
       0
       0
       0
       0
       0
       0
       0
       0
       0
       0
       0
       0
       0
       0
       0
       0
       0
       0
       0
       0
       0
       0
       0
       0
       0
       0
       0
       0
       0
       0
       0
       0
       0
       0
       0
       0
       0
       0
       0
       0
       0
       0
       0
       0
       0
       0
       0
       0
       0
       0
       0
       0
       0
       0
       0
       0
       0
       0
       0
       0
       0
       0
       0
       0
       0
       0
       0
       0
       0
       0
       0
       0
       0
       0
       0
       0
       0
       0
       0
       0
       0
       0
       0
       0
       0
       0
       0
       0
       0
       0
       0
       0
       0
       0
       0
       0
       0
       0
       0
       0
       0
       0
       0
       0
       0
       0
       0
       0
       0
       0
       0
       0
       0
       0
       0
       0
       0
       0
       0
       0
       0
       0
       0
       0
       0
       0
       0
       0
       0
       0
       0
       0
       0
       0
$ROI:
1
56 100
$PRESETS:
Live Time
1800
0
$ENER_FIT:
-0.181030 0.000766
$MCA_CAL:
3
-1.810298E-001 7.658540E-004 0.000000E+000 MeV
$SHAPE_CAL:
3
0.000000E+000 0.000000E+000 0.000000E+000
