$SPEC_ID:
No sample description was entered.
$SPEC_REM:
DET# 1
DETDESC# PHYSICSLAB-LT6 MCB 129
AP# Maestro Version 7.01
$DATE_MEA:
03/16/2020 12:38:48
$MEAS_TIM:
1800 1800
$DATA:
0 255
       0
       0
       0
       0
       0
       0
       0
       3
       3
       4
       4
       1
       4
       6
       1
       4
       3
       1
       1
       4
       1
       3
       1
       3
       3
       0
       0
       2
       2
       0
       1
       3
       0
       4
       2
       1
       4
       1
       1
       5
       1
       2
       1
       2
       2
       2
       2
       2
       1
       2
       2
       1
       1
       2
       1
       3
       5
       0
       7
       8
       4
       5
       2
       5
       5
       7
       9
       6
      10
       3
      12
      10
      12
       7
      12
      15
      11
      11
       9
       4
       7
       6
       6
       6
       5
      10
       0
       3
       1
       0
       4
       0
       0
       0
       0
       0
       0
       0
       0
       0
       0
       0
       0
       0
       0
       0
       0
       0
       0
       0
       0
       0
       0
       0
       0
       0
       0
       0
       0
       0
       0
       0
       0
       0
       0
       0
       0
       0
       0
       0
       0
       0
       0
       0
       0
       0
       0
       0
       0
       0
       0
       0
       0
       0
       0
       0
       0
       0
       0
       0
       0
       0
       0
       0
       0
       0
       0
       0
       0
       0
       0
       0
       0
       0
       0
       0
       0
       0
       0
       0
       0
       0
       0
       0
       0
       0
       0
       0
       0
       0
       0
       0
       0
       0
       0
       0
       0
       0
       0
       0
       0
       0
       0
       0
       0
       0
       0
       0
       0
       0
       0
       0
       0
       0
       0
       0
       0
       0
       0
       0
       0
       0
       0
       0
       0
       0
       0
       0
       0
       0
       0
       0
       0
       0
       0
       0
       0
       0
       0
       0
       0
       0
       0
       0
       0
       0
       0
       0
       0
       0
       0
       0
       0
       0
       0
       0
       0
       0
       0
       0
       0
       0
       0
       0
       0
       0
$ROI:
1
56 100
$PRESETS:
Live Time
1800
0
$ENER_FIT:
-0.181030 0.000766
$MCA_CAL:
3
-1.810298E-001 7.658540E-004 0.000000E+000 MeV
$SHAPE_CAL:
3
0.000000E+000 0.000000E+000 0.000000E+000
