$SPEC_ID:
No sample description was entered.
$SPEC_REM:
DET# 1
DETDESC# PHYSICSLAB-LT6 MCB 129
AP# Maestro Version 7.01
$DATE_MEA:
03/16/2020 12:26:18
$MEAS_TIM:
56 56
$DATA:
0 255
       0
       0
       0
       0
       0
       0
       0
       0
       1
       0
       2
       1
       0
       2
       3
       4
       0
       1
       2
       3
       1
       2
       1
       1
       2
       2
       0
       3
       1
       1
       2
       0
       0
       5
       1
       4
       3
       1
       2
       3
       3
       4
       0
       2
       3
       3
       1
       7
       3
       7
       2
       4
       8
       4
       4
      10
       6
       7
       7
       6
       9
      10
      13
      11
      15
      16
      12
      17
      22
      19
      28
      39
      34
      32
      40
      40
      38
      49
      44
      47
      43
      51
      59
      31
      37
      41
      24
      20
      26
      24
      15
      12
       6
       4
       2
       5
       3
       0
       0
       1
       0
       0
       0
       0
       0
       0
       0
       0
       0
       0
       0
       0
       0
       0
       0
       0
       0
       0
       0
       0
       0
       0
       0
       0
       0
       0
       0
       0
       0
       0
       0
       0
       0
       0
       0
       0
       0
       0
       0
       0
       0
       0
       0
       0
       0
       0
       0
       0
       0
       0
       0
       0
       0
       0
       0
       0
       0
       0
       0
       0
       0
       0
       0
       0
       0
       0
       0
       0
       0
       0
       0
       0
       0
       0
       0
       0
       0
       0
       0
       0
       0
       0
       0
       0
       0
       0
       0
       0
       0
       0
       0
       0
       0
       0
       0
       0
       0
       0
       0
       0
       0
       0
       0
       0
       0
       0
       0
       0
       0
       0
       0
       0
       0
       0
       0
       0
       0
       0
       0
       0
       0
       0
       0
       0
       0
       0
       0
       0
       0
       0
       0
       0
       0
       0
       0
       0
       0
       0
       0
       0
       0
       0
       0
       0
       0
       0
       0
       0
       0
       0
       0
       0
       0
       0
       0
       0
$ROI:
1
56 100
$PRESETS:
Live Time
1800
0
$ENER_FIT:
-0.181030 0.000766
$MCA_CAL:
3
-1.810298E-001 7.658540E-004 0.000000E+000 MeV
$SHAPE_CAL:
3
0.000000E+000 0.000000E+000 0.000000E+000
