$SPEC_ID:
No sample description was entered.
$SPEC_REM:
DET# 1
DETDESC# PHYSICSLAB-LT6 MCB 129
AP# Maestro Version 7.01
$DATE_MEA:
03/16/2020 13:17:27
$MEAS_TIM:
189 189
$DATA:
0 255
       0
       0
       0
       0
       0
       0
       0
       2
       1
       2
       3
       4
       2
       1
       1
       2
       2
       1
       1
       1
       2
       3
       1
       3
       1
       1
       3
       1
       4
       1
       0
       1
       3
       1
       1
       3
       1
       3
       3
       4
       1
       4
       2
       4
       6
       1
       2
       3
       6
       5
       5
       8
       4
       5
       2
       3
       2
       5
       6
       7
       6
       9
      11
      10
      19
      13
      20
      11
      10
      21
      13
      32
      33
      27
      23
      47
      31
      41
      42
      48
      36
      30
      22
      34
      17
      22
      20
      13
      14
      11
       7
       2
       7
       2
       2
       0
       0
       0
       0
       0
       0
       0
       0
       0
       0
       0
       0
       0
       0
       0
       0
       0
       0
       0
       0
       0
       0
       0
       0
       0
       0
       0
       0
       0
       0
       0
       0
       0
       0
       0
       0
       0
       0
       0
       0
       0
       0
       0
       0
       0
       0
       0
       0
       0
       0
       0
       0
       0
       0
       0
       0
       0
       0
       0
       0
       0
       0
       0
       0
       0
       0
       0
       0
       0
       0
       0
       0
       0
       0
       0
       0
       0
       0
       0
       0
       0
       0
       0
       0
       0
       0
       0
       0
       0
       0
       0
       0
       0
       0
       0
       0
       0
       0
       0
       0
       0
       0
       0
       0
       0
       0
       0
       0
       0
       0
       0
       0
       0
       0
       0
       0
       0
       0
       0
       0
       0
       0
       0
       0
       0
       0
       0
       0
       0
       0
       0
       0
       0
       0
       0
       0
       0
       0
       0
       0
       0
       0
       0
       0
       0
       0
       0
       0
       0
       0
       0
       0
       0
       0
       0
       0
       0
       0
       0
       0
       0
$ROI:
1
56 100
$PRESETS:
Live Time
1800
0
$ENER_FIT:
-0.181030 0.000766
$MCA_CAL:
3
-1.810298E-001 7.658540E-004 0.000000E+000 MeV
$SHAPE_CAL:
3
0.000000E+000 0.000000E+000 0.000000E+000
