$SPEC_ID:
No sample description was entered.
$SPEC_REM:
DET# 1
DETDESC# PHYSICSLAB-LT6 MCB 129
AP# Maestro Version 7.01
$DATE_MEA:
03/16/2020 13:20:58
$MEAS_TIM:
567 567
$DATA:
0 255
       0
       0
       0
       0
       0
       0
       0
       1
       1
       3
       5
       1
       5
       0
       0
       2
       2
       1
       1
       1
       0
       3
       1
       0
       3
       2
       0
       3
       1
       1
       2
       3
       1
       3
       0
       2
       1
       2
       1
       1
       5
       5
       3
       0
       0
       2
       0
       3
       3
       3
       4
       3
       1
       1
       1
       4
       2
       4
       3
       4
       6
       2
       3
       7
      13
       9
      10
      11
       6
      10
       8
      12
      14
      11
      16
      20
      14
       9
      16
      12
      14
      18
      12
      12
      13
       7
       3
       9
       7
       7
       3
       3
       0
       1
       2
       0
       0
       1
       0
       0
       0
       0
       0
       0
       0
       0
       0
       0
       0
       0
       0
       0
       0
       0
       0
       0
       0
       0
       0
       0
       0
       0
       0
       0
       0
       0
       0
       0
       0
       0
       0
       0
       0
       0
       0
       0
       0
       0
       0
       0
       0
       0
       0
       0
       0
       0
       0
       0
       0
       0
       0
       0
       0
       0
       0
       0
       0
       0
       0
       0
       0
       0
       0
       0
       0
       0
       0
       0
       0
       0
       0
       0
       0
       0
       0
       0
       0
       0
       0
       0
       0
       0
       0
       0
       0
       0
       0
       0
       0
       0
       0
       0
       0
       0
       0
       0
       0
       0
       0
       0
       0
       0
       0
       0
       0
       0
       0
       0
       0
       0
       0
       0
       0
       0
       0
       0
       0
       0
       0
       0
       0
       0
       0
       0
       0
       0
       0
       0
       0
       0
       0
       0
       0
       0
       0
       0
       0
       0
       0
       0
       0
       0
       0
       0
       0
       0
       0
       0
       0
       0
       0
       0
       0
       0
       0
       0
$ROI:
1
56 100
$PRESETS:
Live Time
1800
0
$ENER_FIT:
-0.181030 0.000766
$MCA_CAL:
3
-1.810298E-001 7.658540E-004 0.000000E+000 MeV
$SHAPE_CAL:
3
0.000000E+000 0.000000E+000 0.000000E+000
