$SPEC_ID:
No sample description was entered.
$SPEC_REM:
DET# 1
DETDESC# PHYSICSLAB-LT6 MCB 129
AP# Maestro Version 7.01
$DATE_MEA:
03/16/2020 13:16:13
$MEAS_TIM:
47 47
$DATA:
0 255
       0
       0
       0
       0
       0
       0
       0
       0
       0
       2
       4
       2
       1
       1
       3
       0
       1
       0
       1
       3
       2
       1
       2
       2
       3
       1
       1
       1
       1
       1
       4
       0
       3
       1
       2
       1
       0
       3
       2
       0
       2
       1
       2
       3
       4
       2
       3
       3
       0
       1
       9
       3
       2
       3
       3
       7
       9
       0
       6
      12
      14
       7
      11
      17
      11
      14
      18
      23
      29
      31
      27
      33
      40
      42
      55
      57
      60
      54
      65
      81
      71
      58
      51
      38
      52
      45
      48
      39
      24
      13
      19
       9
       6
       4
       9
       1
       2
       2
       1
       0
       0
       0
       0
       0
       0
       0
       0
       0
       0
       0
       0
       0
       0
       0
       0
       0
       0
       0
       0
       0
       0
       0
       0
       0
       0
       0
       0
       0
       0
       0
       0
       0
       0
       0
       0
       0
       0
       0
       0
       0
       0
       0
       0
       0
       0
       0
       0
       0
       0
       0
       0
       0
       0
       0
       0
       0
       0
       0
       0
       0
       0
       0
       0
       0
       0
       0
       0
       0
       0
       0
       0
       0
       0
       0
       0
       0
       0
       0
       0
       0
       0
       0
       0
       0
       0
       0
       0
       0
       0
       0
       0
       0
       0
       0
       0
       0
       0
       0
       0
       0
       0
       0
       0
       0
       0
       0
       0
       0
       0
       0
       0
       0
       0
       0
       0
       0
       0
       0
       0
       0
       0
       0
       0
       0
       0
       0
       0
       0
       0
       0
       0
       0
       0
       0
       0
       0
       0
       0
       0
       0
       0
       0
       0
       0
       0
       0
       0
       0
       0
       0
       0
       0
       0
       0
       0
       0
$ROI:
1
56 100
$PRESETS:
Live Time
1800
0
$ENER_FIT:
-0.181030 0.000766
$MCA_CAL:
3
-1.810298E-001 7.658540E-004 0.000000E+000 MeV
$SHAPE_CAL:
3
0.000000E+000 0.000000E+000 0.000000E+000
