#! Trials[f, 0]/ Distance[f, 1]/ Decays[f,2]/
1	31.5 21
2	31.5 48
3	31.5 31
4	31.5 37
5	31.5 26
6	31.5 24
7	31.5 35
8	31.5 37
9	31.5 51
10	31.5 32
11	31.5 34
12	31.5 25	
13	31.5 32
14	31.5 29
15	31.5 28
16	31.5 41
17	31.5 33
18	31.5 31	
19	31.5 30
20	31.5 40
21	28.0 57
22	28.0 39
23	28.0 44
24	28.0 48
25	28.0 47
26	28.0 40
27	28.0 60
28	28.0 62
29	28.0 52
30	28.0 43
31	28.0 41
32	28.0 54
33	28.0 37
34	28.0 41
35	28.0 33
36	28.0 46
37	28.0 39
38	28.0 42
39	28.0 40
40	28.0 52
41	24.0 48
42	24.0 56
43	24.0 57
44	24.0 44
45	24.0 42
46	24.0 47
47	24.0 74
48	24.0 63
49	24.0 45
50	24.0 34
51	24.0 37
52	24.0 33
53	24.0 43
54	24.0 49
55	24.0 56
56	24.0 53
57	24.0 46
58	24.0 40
59	24.0 55
60	24.0 54
61	10.5 129
62	10.5 117
63	10.5 111
64	10.5 120
65	10.5 95
66	10.5 83
67	10.5 80
68	10.5 92
69	10.5 85
70	10.5 79
71	10.5 33
72	10.5 41
73	10.5 48
74	10.5 42
75	10.5 54
76	10.5 52
77	10.5 57
78	10.5 42
79	10.5 29
80	10.5 40