#! Voltage[f, 0]/ Current[f, 1]/ Diameter[f, 2]/
200 0.99 11.0
200 1.13 9.9
200 1.27 8.8
200 1.41 8.0
200 1.55 7.2
200 1.69 6.5
200 1.83 6.0
200 1.97 5.6
200 2.11 5.3
200 2.25 5.0
250 1.13 11.0
250 1.28 9.9
250 1.43 8.7
250 1.58 8.0
250 1.73 7.4
250 1.88 6.6
250 2.03 6.2
250 2.18 5.6
250 2.33 5.4
250 2.48 5.0
300 1.25 11.0
300 1.42 9.8
300 1.59 8.6
300 1.76 7.9
300 1.93  7.1
300 2.10 6.5
300 2.27 6.0
300 2.44 5.6
300 2.61 5.2
300 2.78 5.0
400 1.48 11.0
400 1.64 9.9
400 1.80 9.0
400 1.96 8.1
400 2.12 7.5
400 2.28 7.0
400 2.44 6.5
400 2.60 6.1
400 2.76 5.9
400 2.91 5.5